wl_micron nw
2.49945 1.266384
2.49885 1.266489
2.49825 1.266593
2.49765 1.266699
2.49705 1.266802
2.49644 1.266907
2.49584 1.267008
2.49524 1.267112
2.49464 1.267213
2.49404 1.267317
2.49284 1.267521
2.49224 1.267621
2.49164 1.267723
2.49105 1.267822
2.49045 1.267924
2.48985 1.268022
2.48925 1.268123
2.48865 1.268221
2.48806 1.268321
2.48746 1.268417
2.48627 1.268613
2.48567 1.268712
2.48508 1.268807
2.48448 1.268906
2.48388 1.269002
2.48329 1.269102
2.48269 1.269198
2.4821 1.269297
2.48151 1.269393
2.48091 1.26949
2.47973 1.269682
2.47913 1.269774
2.47854 1.26987
2.47795 1.269965
2.47736 1.270061
2.47676 1.270155
2.47617 1.270251
2.47558 1.270343
2.4744 1.270532
2.47322 1.270716
2.47263 1.270809
2.47204 1.270901
2.47145 1.270996
2.47086 1.271087
2.47027 1.27118
2.46968 1.27127
2.4691 1.271363
2.46792 1.271547
2.46733 1.271637
2.46675 1.27173
2.46616 1.27182
2.46557 1.271913
2.46499 1.272002
2.4644 1.272093
2.46381 1.272182
2.46323 1.272272
2.46264 1.272359
2.46147 1.272535
2.46089 1.272625
2.46031 1.272712
2.45972 1.272801
2.45914 1.272888
2.45856 1.272977
2.45797 1.273063
2.45739 1.273153
2.45681 1.27324
2.45623 1.273329
2.45506 1.273503
2.45448 1.273589
2.4539 1.273676
2.45332 1.27376
2.45274 1.273847
2.45216 1.273931
2.45158 1.274017
2.451 1.274101
2.45042 1.274186
2.44984 1.274267
2.44869 1.274433
2.44811 1.274517
2.44753 1.274598
2.44695 1.274683
2.44637 1.274765
2.4458 1.274849
2.44522 1.274931
2.44464 1.275016
2.44407 1.275098
2.44349 1.275182
2.44234 1.275345
2.44176 1.275424
2.44119 1.275505
2.44061 1.275584
2.44004 1.275665
2.43947 1.275742
2.43889 1.275824
2.43832 1.275903
2.43717 1.276063
2.4366 1.276145
2.43603 1.276224
2.43545 1.276305
2.43488 1.276382
2.43431 1.276462
2.43374 1.276537
2.43317 1.276614
2.4326 1.276689
2.43203 1.276766
2.43089 1.276919
2.43032 1.276996
2.42975 1.277075
2.42918 1.27715
2.42861 1.277227
2.42804 1.2773
2.42747 1.277376
2.4269 1.27745
2.42634 1.277528
2.42577 1.277604
2.42463 1.277758
2.42407 1.277834
2.4235 1.277909
2.42293 1.277987
2.42237 1.278063
2.4218 1.278141
2.42124 1.278215
2.42067 1.278292
2.42011 1.278365
2.41954 1.278441
2.41841 1.278588
2.41785 1.278659
2.41728 1.278733
2.41672 1.278805
2.41616 1.278879
2.41559 1.27895
2.41503 1.279024
2.41447 1.279093
2.41391 1.279164
2.41335 1.279233
2.41222 1.279373
2.41166 1.279445
2.4111 1.279514
2.41054 1.279586
2.40998 1.279654
2.40942 1.279726
2.40886 1.279796
2.4083 1.279868
2.40774 1.279935
2.40718 1.280004
2.40606 1.28014
2.40551 1.280208
2.40495 1.280278
2.40439 1.280346
2.40383 1.280416
2.40328 1.280483
2.40272 1.280553
2.40216 1.28062
2.40105 1.280758
2.40049 1.280828
2.39994 1.280894
2.39938 1.280962
2.39883 1.281029
2.39827 1.281098
2.39772 1.281164
2.39716 1.281231
2.39661 1.281295
2.39606 1.28136
2.39495 1.281491
2.3944 1.281556
2.39384 1.281622
2.39329 1.281687
2.39274 1.281753
2.39219 1.281816
2.39163 1.281882
2.39108 1.281945
2.39053 1.28201
2.38998 1.282074
2.38888 1.2822
2.38833 1.282263
2.38778 1.282325
2.38723 1.282388
2.38668 1.282448
2.38613 1.282511
2.38558 1.282572
2.38503 1.282637
2.38448 1.282699
2.38394 1.282763
2.38284 1.282887
2.38229 1.282949
2.38174 1.283012
2.3812 1.283073
2.38065 1.283136
2.3801 1.283197
2.37956 1.28326
2.37901 1.28332
2.37847 1.283382
2.37792 1.283443
2.37683 1.283567
2.37629 1.283629
2.37574 1.283688
2.3752 1.283749
2.37465 1.283807
2.37411 1.283869
2.37356 1.283928
2.37302 1.283989
2.37248 1.284048
2.37194 1.28411
2.37085 1.284229
2.37031 1.284286
2.36977 1.284346
2.36923 1.284403
2.36868 1.284464
2.36814 1.284521
2.3676 1.284579
2.36706 1.284635
2.36598 1.28475
2.36544 1.284808
2.3649 1.284864
2.36436 1.284924
2.36382 1.284982
2.36329 1.285041
2.36275 1.285096
2.36221 1.285154
2.36167 1.285209
2.36113 1.285267
2.36006 1.285379
2.35952 1.285432
2.35898 1.285489
2.35845 1.285543
2.35791 1.2856
2.35737 1.285655
2.35684 1.285712
2.3563 1.285767
2.35577 1.285824
2.35523 1.285878
2.35416 1.285989
2.35363 1.286045
2.35309 1.286098
2.35256 1.286154
2.35203 1.286207
2.35149 1.286263
2.35096 1.286316
2.35043 1.286373
2.34989 1.286427
2.34936 1.286482
2.3483 1.286591
2.34777 1.286644
2.34723 1.2867
2.3467 1.286751
2.34617 1.286804
2.34564 1.286856
2.34511 1.286911
2.34458 1.286964
2.34405 1.287018
2.34352 1.287071
2.34246 1.287178
2.34193 1.287232
2.3414 1.287283
2.34087 1.287336
2.34035 1.287387
2.33982 1.287441
2.33929 1.287491
2.33876 1.287543
2.33823 1.287593
2.33771 1.287646
2.33665 1.28775
2.33613 1.2878
2.3356 1.287851
2.33507 1.287901
2.33455 1.287953
2.33402 1.288002
2.3335 1.288053
2.33297 1.288102
2.33192 1.288201
2.3314 1.288252
2.33088 1.288302
2.33035 1.288353
2.32983 1.288404
2.3293 1.288457
2.32878 1.288506
2.32826 1.288557
2.32774 1.288606
2.32721 1.288655
2.32617 1.288752
2.32565 1.2888
2.32513 1.28885
2.3246 1.2889
2.32408 1.288951
2.32356 1.288999
2.32304 1.289049
2.32252 1.289097
2.322 1.289148
2.32148 1.289195
2.32044 1.289289
2.31992 1.289337
2.3194 1.289384
2.31888 1.289433
2.31837 1.289479
2.31785 1.289528
2.31733 1.289576
2.31681 1.289625
2.31629 1.289671
2.31578 1.28972
2.31474 1.289816
2.31423 1.289864
2.31371 1.289915
2.31319 1.289963
2.31268 1.290012
2.31216 1.290059
2.31165 1.290109
2.31113 1.290157
2.31062 1.290206
2.3101 1.290251
2.30907 1.290345
2.30856 1.290391
2.30804 1.290435
2.30753 1.29048
2.30702 1.290525
2.3065 1.290571
2.30599 1.290616
2.30548 1.290664
2.30496 1.290708
2.30445 1.290754
2.30343 1.290844
2.30292 1.290886
2.30241 1.290931
2.30189 1.290974
2.30138 1.29102
2.30087 1.291064
2.30036 1.291108
2.29985 1.291151
2.29883 1.291241
2.29832 1.291286
2.29781 1.29133
2.11586 1.303746
2.11543 1.303772
2.115 1.303796
2.11457 1.303819
2.11371 1.303865
2.11328 1.303886
2.11285 1.30391
2.11242 1.303933
2.11198 1.303957
2.11155 1.303981
2.11112 1.304008
2.11069 1.304031
2.11027 1.304055
2.10984 1.30408
2.10898 1.304128
2.10855 1.304152
2.10812 1.304176
2.10769 1.3042
2.10726 1.304223
2.10683 1.304247
2.10641 1.304268
2.10598 1.30429
2.10555 1.304313
2.10512 1.304338
2.10427 1.304386
2.10384 1.304406
2.10342 1.304428
2.10299 1.304449
2.10256 1.304473
2.10214 1.304495
2.10171 1.304518
2.10128 1.304539
2.10086 1.304561
2.10043 1.304582
2.09958 1.304628
2.09916 1.304651
2.09873 1.304672
2.09831 1.304696
2.09788 1.304716
2.09746 1.304735
2.09703 1.304754
2.09661 1.304775
2.09576 1.304813
2.09534 1.304831
2.09491 1.304852
2.09449 1.304872
2.09407 1.304893
2.09365 1.304912
2.09322 1.304931
2.0928 1.304949
2.09238 1.304968
2.09196 1.304986
2.09111 1.305024
2.09069 1.305043
2.09027 1.30506
2.08985 1.30508
2.08943 1.3051
2.08901 1.305122
2.08858 1.305142
2.08816 1.305161
2.08774 1.305181
2.08732 1.305203
2.08648 1.305248
2.08606 1.305271
2.08564 1.305294
2.08522 1.305315
2.0848 1.305338
2.08439 1.305359
2.08397 1.305381
2.08355 1.305403
2.08313 1.305426
2.08271 1.305447
2.08187 1.305489
2.08146 1.305511
2.08104 1.305531
2.08062 1.305553
2.0802 1.305575
2.07979 1.3056
2.07937 1.305623
2.07895 1.305646
2.07853 1.305668
2.07812 1.305692
2.07729 1.305737
2.07687 1.305756
2.07645 1.305776
2.07604 1.305794
2.07562 1.305814
2.07521 1.305831
2.07479 1.305849
2.07438 1.305865
2.07396 1.305883
2.07355 1.305898
2.07272 1.305931
2.0723 1.305947
2.07189 1.305963
2.07148 1.305982
2.07106 1.306002
2.07065 1.30602
2.07023 1.306035
2.06982 1.306053
2.06899 1.306084
2.06858 1.306099
2.06817 1.306117
2.06776 1.306133
2.06734 1.306151
2.06693 1.306168
2.06652 1.306186
2.06611 1.306203
2.0657 1.306223
2.06529 1.306243
2.06446 1.306286
2.06405 1.306308
2.06364 1.306329
2.06323 1.306351
2.06282 1.306372
2.06241 1.306392
2.062 1.306411
2.06159 1.30643
2.06118 1.306449
2.06077 1.306471
2.05995 1.306513
2.05954 1.306534
2.05913 1.306556
2.05872 1.306574
2.05831 1.306593
2.05791 1.306613
2.0575 1.306637
2.05709 1.306658
2.05668 1.306679
2.05627 1.3067
2.05546 1.306742
2.05505 1.306762
2.05464 1.306781
2.05424 1.3068
2.05383 1.306819
2.05342 1.30684
2.05302 1.306859
2.05261 1.306879
2.0522 1.306897
2.0518 1.306915
2.05099 1.306953
2.05058 1.306971
2.05017 1.30699
2.04977 1.307008
2.04936 1.307028
2.04896 1.307045
2.04855 1.307062
2.04815 1.307077
2.04774 1.307095
2.04734 1.307112
2.04653 1.307148
2.04613 1.307165
2.04572 1.307181
2.04532 1.307201
2.04492 1.307221
2.04451 1.307241
2.04411 1.307259
2.04371 1.307279
2.0429 1.307313
2.0425 1.307329
2.0421 1.307349
2.0417 1.307369
2.04129 1.307388
2.04089 1.307403
2.04049 1.30742
2.04009 1.307437
2.03969 1.307454
2.03929 1.307471
2.03848 1.307507
2.03808 1.307526
2.03768 1.307544
2.03728 1.307565
2.03688 1.307583
2.03648 1.307602
2.03608 1.30762
2.03568 1.307641
2.03528 1.307661
2.03488 1.30768
2.03409 1.307715
2.03369 1.307733
2.03329 1.307751
2.03289 1.307766
2.03249 1.307783
2.03209 1.307798
2.03169 1.307817
2.0313 1.307834
2.0309 1.307853
2.0305 1.307869
2.02971 1.307906
2.02931 1.307924
2.02891 1.307941
2.02851 1.307958
2.02812 1.307974
2.02772 1.307992
2.02732 1.308007
2.02693 1.308024
2.02653 1.308042
2.02614 1.308061
2.02534 1.308091
2.02495 1.308106
2.02455 1.308122
2.02416 1.308137
2.02376 1.308156
2.02337 1.308173
2.02297 1.308191
2.02258 1.308207
2.02218 1.308226
2.02179 1.308244
2.021 1.30828
2.02061 1.308297
2.02021 1.308314
2.01982 1.308331
2.01943 1.308346
2.01903 1.308362
2.01864 1.308377
2.01825 1.308397
2.01746 1.308433
2.01707 1.308449
2.01668 1.308466
2.01628 1.308482
2.01589 1.3085
2.0155 1.308517
2.01511 1.308535
2.01472 1.308553
2.01433 1.308572
2.01393 1.308587
2.01315 1.308618
2.01276 1.308633
2.01237 1.308648
2.01198 1.308665
2.01159 1.30868
2.0112 1.308696
2.01081 1.30871
2.01042 1.308725
2.01003 1.308738
2.00964 1.308753
2.00886 1.308781
2.00847 1.308794
2.00808 1.30881
2.00769 1.308824
2.00731 1.308839
2.00692 1.308854
2.00653 1.30887
2.00614 1.308885
2.00575 1.308902
2.00536 1.308918
2.00459 1.308951
2.0042 1.308968
2.00381 1.308984
2.00343 1.309003
2.00304 1.30902
2.00265 1.309039
2.00227 1.309055
2.00188 1.309069
2.00149 1.309081
2.00111 1.309095
2.00033 1.309123
1.99995 1.309138
1.99956 1.309154
1.99918 1.309168
1.99879 1.309182
1.99841 1.309193
1.99802 1.309207
1.99764 1.309221
1.99725 1.309236
1.99687 1.30925
1.9961 1.309277
1.99571 1.309291
1.99533 1.309304
1.99495 1.309317
1.99456 1.309329
1.99418 1.309342
1.99379 1.309354
1.99341 1.309367
1.99265 1.309395
1.99226 1.309408
1.99188 1.309424
1.9915 1.309438
1.99111 1.309453
1.99073 1.309467
1.99035 1.309482
1.98997 1.309496
1.98959 1.309512
1.9892 1.309526
1.98844 1.309552
1.98806 1.309566
1.98768 1.309578
1.9873 1.309591
1.98692 1.309602
1.98654 1.309613
1.98616 1.309623
1.98578 1.309636
1.9854 1.309647
1.98501 1.30966
1.98425 1.309688
1.98388 1.309698
1.9835 1.309709
1.98312 1.309721
1.98274 1.309735
1.98236 1.309748
1.98198 1.30976
1.9816 1.309772
1.98122 1.309785
1.98084 1.309796
1.98009 1.30982
1.97971 1.309833
1.97933 1.309844
1.97895 1.309856
1.97857 1.309866
1.9782 1.309877
1.97782 1.309887
1.97744 1.309898
1.97707 1.309911
1.97669 1.309925
1.97594 1.309946
1.97556 1.309957
1.97518 1.30997
1.97481 1.309979
1.97443 1.30999
1.97405 1.31
1.97368 1.31001
1.9733 1.310019
1.97293 1.31003
1.97255 1.310041
1.9718 1.310057
1.97143 1.310066
1.97105 1.310073
1.97068 1.310082
1.9703 1.310091
1.96993 1.310101
1.96955 1.310109
1.96918 1.310118
1.96843 1.310138
1.96806 1.310149
1.96769 1.310161
1.96731 1.31017
1.96694 1.310178
1.96657 1.310185
1.96619 1.310194
1.96582 1.310201
1.96545 1.31021
1.96507 1.310218
1.96433 1.31023
1.96396 1.310236
1.96359 1.310243
1.96321 1.310251
1.96284 1.310258
1.96247 1.310268
1.9621 1.310276
1.96173 1.310284
1.96136 1.310288
1.96099 1.310294
1.96024 1.310308
1.95987 1.310314
1.9595 1.310325
1.95913 1.310336
1.95876 1.310345
1.95839 1.310353
1.95802 1.310364
1.95765 1.310373
1.95728 1.310382
1.95691 1.310389
1.95618 1.310405
1.95581 1.310415
1.95544 1.310423
1.95507 1.310431
1.9547 1.310437
1.95433 1.310446
1.95396 1.310453
1.9536 1.31046
1.95323 1.310465
1.95286 1.310471
1.95212 1.310479
1.95176 1.310483
1.95139 1.310487
1.95102 1.310491
1.95066 1.310494
1.95029 1.310495
1.94992 1.310497
1.94955 1.3105
1.94919 1.310505
1.94882 1.310507
1.94809 1.310515
1.94772 1.310519
1.94736 1.310522
1.94699 1.310524
1.94663 1.310523
1.94626 1.310527
1.9459 1.31053
1.94553 1.310533
1.9448 1.310543
1.94444 1.310544
1.94407 1.310546
1.94371 1.310549
1.94334 1.310552
1.94298 1.310552
1.94261 1.310554
1.94225 1.310555
1.94189 1.310557
1.94152 1.310557
1.9408 1.310556
1.94043 1.310557
1.94007 1.310557
1.93971 1.310559
1.93934 1.310558
1.93898 1.310558
1.93862 1.310558
1.93826 1.31056
1.93789 1.310558
1.93753 1.310557
1.93681 1.310552
1.93645 1.310548
1.93608 1.310545
1.93572 1.310543
1.93536 1.310543
1.935 1.310541
1.93464 1.310542
1.93428 1.31054
1.93392 1.31054
1.93356 1.310539
1.93284 1.310537
1.93248 1.310538
1.93212 1.310538
1.93176 1.31054
1.9314 1.310539
1.93104 1.310539
1.93068 1.310539
1.93032 1.310543
1.92996 1.310544
1.9296 1.310545
1.92888 1.31055
1.92852 1.310553
1.92816 1.310557
1.9278 1.310558
1.92745 1.31056
1.92709 1.31056
1.92673 1.310562
1.92637 1.310564
1.92566 1.310564
1.92494 1.310562
1.92458 1.310564
1.92423 1.310564
1.92387 1.310565
1.92351 1.310562
1.92316 1.31056
1.9228 1.310558
1.92244 1.31056
1.92173 1.310561
1.92137 1.31056
1.92102 1.310561
1.92066 1.310564
1.92031 1.310568
1.91995 1.310569
1.9196 1.31057
1.91924 1.310569
1.91888 1.310569
1.91853 1.310567
1.91782 1.310563
1.91747 1.31056
1.91711 1.310556
1.91676 1.310554
1.9164 1.310554
1.91605 1.310554
1.91569 1.31055
1.91534 1.310547
1.91499 1.310543
1.91463 1.310541
1.91393 1.310531
1.91357 1.310526
1.91322 1.310523
1.91287 1.310518
1.91251 1.310514
1.91216 1.310511
1.91181 1.310508
1.91146 1.310505
1.9111 1.310505
1.91075 1.310503
1.91005 1.310499
1.90969 1.3105
1.90934 1.310501
1.90899 1.310504
1.90864 1.310504
1.90829 1.310503
1.90794 1.310499
1.90759 1.310497
1.90724 1.310495
1.90688 1.310495
1.90618 1.310489
1.90583 1.310484
1.90548 1.310481
1.90513 1.310478
1.90478 1.310477
1.90443 1.310474
1.90408 1.310474
1.90373 1.310472
1.90303 1.310467
1.90234 1.310467
1.90199 1.310467
1.90164 1.310466
1.90129 1.310467
1.90094 1.310466
1.90059 1.310467
1.90024 1.310468
1.8999 1.31047
1.8992 1.310476
1.89885 1.310477
1.8985 1.310481
1.89816 1.310485
1.89781 1.310492
1.89746 1.310498
1.89711 1.310505
1.89677 1.310511
1.89642 1.310519
1.89607 1.310527
1.89538 1.310543
1.89503 1.310549
1.89469 1.310556
1.89434 1.310565
1.894 1.310572
1.89365 1.31058
1.8933 1.310589
1.89296 1.3106
1.89261 1.31061
1.89227 1.310621
1.89158 1.310644
1.89123 1.310655
1.89089 1.310666
1.89054 1.310676
1.8902 1.310689
1.88985 1.3107
1.88951 1.310711
1.88916 1.310723
1.88882 1.310737
1.88848 1.31075
1.88779 1.310776
1.88744 1.310789
1.8871 1.3108
1.88676 1.310815
1.88641 1.31083
1.88607 1.310846
1.88573 1.310862
1.88539 1.310878
1.88504 1.310892
1.8847 1.31091
1.88401 1.310947
1.88367 1.310963
1.88333 1.310982
1.88299 1.310999
1.88265 1.311016
1.8823 1.31103
1.88196 1.311047
1.88162 1.311063
1.88094 1.311098
1.88026 1.311129
1.87992 1.311147
1.87957 1.311164
1.87923 1.311182
1.87889 1.311198
1.87855 1.311216
1.87821 1.311234
1.87787 1.311251
1.87719 1.311289
1.87685 1.311307
1.87651 1.311325
1.87617 1.311341
1.87583 1.311358
1.87549 1.311375
1.87516 1.311394
1.87482 1.311412
1.87448 1.311433
1.87414 1.311451
1.87346 1.311491
1.87312 1.311513
1.87278 1.311532
1.87245 1.311551
1.87211 1.311569
1.87177 1.311587
1.87143 1.311605
1.87109 1.311626
1.87076 1.311646
1.87042 1.311666
1.86974 1.311706
1.86941 1.311725
1.86907 1.311744
1.86873 1.311764
1.8684 1.311786
1.86806 1.311806
1.86772 1.311824
1.86739 1.311841
1.86705 1.311859
1.86671 1.311875
1.86604 1.311908
1.86571 1.311926
1.86537 1.311942
1.86504 1.311957
1.8647 1.31197
1.86436 1.311984
1.86403 1.311999
1.86369 1.312015
1.86336 1.312027
1.86302 1.31204
1.86236 1.312069
1.86202 1.312085
1.86169 1.3121
1.86135 1.312113
1.86102 1.312126
1.86068 1.312137
1.86035 1.31215
1.86002 1.312162
1.85935 1.312187
1.85868 1.312218
1.85835 1.312234
1.85802 1.312249
1.85768 1.312264
1.85735 1.312277
1.85702 1.312291
1.85669 1.312306
1.85635 1.312319
1.85569 1.312345
1.85536 1.312356
1.85502 1.312367
1.85469 1.312376
1.85436 1.312388
1.85403 1.3124
1.8537 1.312412
1.85337 1.312423
1.85304 1.312436
1.8527 1.31245
1.85204 1.31248
1.85171 1.312495
1.85138 1.312511
1.85105 1.31253
1.85072 1.31255
1.85039 1.312572
1.85006 1.312591
1.84973 1.312611
1.8494 1.312629
1.84907 1.312649
1.84841 1.312685
1.84808 1.312702
1.84775 1.312721
1.84742 1.312739
1.84709 1.312757
1.84676 1.312774
1.84643 1.312792
1.84611 1.312807
1.84578 1.312823
1.84545 1.312837
1.84479 1.312865
1.84446 1.312878
1.84414 1.31289
1.84381 1.312903
1.84348 1.312916
1.84315 1.31293
1.84282 1.312943
1.8425 1.312956
1.84217 1.312969
1.84184 1.312982
1.84119 1.313005
1.84086 1.313015
1.84053 1.313024
1.84021 1.313032
1.83988 1.313042
1.83956 1.313052
1.83923 1.313064
1.8389 1.313073
1.83825 1.313099
1.83792 1.313113
1.8376 1.313125
1.83727 1.313138
1.83695 1.313148
1.83662 1.313158
1.8363 1.31317
1.83597 1.313186
1.83565 1.313199
1.83532 1.313212
1.83467 1.31324
1.83435 1.313252
1.83402 1.313264
1.8337 1.313276
1.83337 1.313292
1.83305 1.313308
1.83273 1.313325
1.8324 1.313341
1.83208 1.313357
1.83175 1.31337
1.83111 1.313401
1.83078 1.313419
1.83046 1.313435
1.83014 1.313451
1.82982 1.313463
1.82949 1.313476
1.82917 1.313489
1.82885 1.313501
1.82852 1.313511
1.8282 1.313524
1.82756 1.313541
1.71056 1.316746
1.71028 1.316753
1.71 1.316759
1.70972 1.316766
1.70944 1.316773
1.70915 1.31678
1.70859 1.316793
1.70831 1.3168
1.70803 1.316806
1.70775 1.316813
1.70747 1.31682
1.70718 1.316827
1.7069 1.316833
1.70662 1.31684
1.70606 1.316854
1.7055 1.316867
1.70522 1.316873
1.70494 1.31688
1.70466 1.316887
1.70438 1.316893
1.7041 1.3169
1.70382 1.316907
1.70354 1.316913
1.70298 1.316926
1.7027 1.316933
1.70242 1.316939
1.70214 1.316946
1.70186 1.316953
1.70158 1.316959
1.7013 1.316966
1.70102 1.316972
1.70074 1.316979
1.70046 1.316985
1.69991 1.316998
1.69963 1.317005
1.69935 1.317011
1.69907 1.317018
1.69879 1.317024
1.69851 1.317031
1.69824 1.317037
1.69796 1.317044
1.69768 1.31705
1.6974 1.317056
1.69685 1.317069
1.69657 1.317076
1.69629 1.317082
1.69601 1.317089
1.69574 1.317095
1.69546 1.317102
1.69518 1.317108
1.6949 1.317114
1.69463 1.317121
1.69435 1.317127
1.6938 1.31714
1.69352 1.317146
1.69324 1.317153
1.69297 1.317159
1.69269 1.317165
1.69241 1.317171
1.69214 1.317178
1.69186 1.317184
1.69159 1.317191
1.69131 1.317197
1.69076 1.317209
1.69048 1.317216
1.69021 1.317222
1.68993 1.317228
1.68966 1.317234
1.68938 1.317241
1.68911 1.317247
1.68883 1.317253
1.68828 1.317266
1.68773 1.317278
1.68746 1.317284
1.68718 1.317291
1.68691 1.317297
1.68663 1.317303
1.68636 1.317309
1.68608 1.317316
1.68581 1.317322
1.68526 1.317334
1.68499 1.31734
1.68471 1.317346
1.68444 1.317352
1.68417 1.317358
1.68389 1.317365
1.68362 1.317371
1.68335 1.317377
1.68307 1.317383
1.6828 1.317389
1.68225 1.317401
1.68198 1.317407
1.68171 1.317414
1.68144 1.317419
1.68116 1.317426
1.68089 1.317432
1.68062 1.317438
1.68035 1.317444
1.68007 1.31745
1.6798 1.317456
1.67926 1.317468
1.67899 1.317474
1.67871 1.31748
1.67844 1.317486
1.67817 1.317492
1.6779 1.317498
1.67763 1.317504
1.67736 1.31751
1.67708 1.317516
1.67681 1.317522
1.67627 1.317534
1.676 1.31754
1.67573 1.317546
1.67546 1.317552
1.67519 1.317558
1.67492 1.317564
1.67465 1.31757
1.67438 1.317576
1.6741 1.317582
1.67383 1.317588
1.67329 1.317599
1.67302 1.317606
1.67275 1.317611
1.67248 1.317617
1.67222 1.317623
1.67195 1.317629
1.67168 1.317635
1.67141 1.317641
1.67087 1.317653
1.67033 1.317664
1.67006 1.31767
1.66979 1.317676
1.66952 1.317682
1.66925 1.317688
1.66898 1.317693
1.66872 1.317699
1.66845 1.317705
1.66791 1.317716
1.66764 1.317722
1.66737 1.317728
1.66711 1.317734
1.66684 1.31774
1.66657 1.317745
